This is 1000!:
+40238726007709377354
370243392300398571937
486421071463254379991
042993851239862902059
204420848696940480047
998861019719605863166
687299480855890132382
966994459099742450408
707375991882362772718
873251977950595099527
612087497546249704360
141827809464649629105
639388743788648733711
918104582578364784997
701247663288983595573
543251318532395846307
555740911426241747434
934755342864657661166
779739666882029120737
914385371958824980812
686783837455973174613
608537953452422158659
320192809087829730843
139284440328123155861
103697680135730421616
874760967587134831202
547858932076716913244
842623613141250878020
800026168315102734182
797770478463586817016
436502415369139828126
481021309276124489635
992870511496497541990
934222156683257208082
133318611681155361583
654698404670897560290
095053761647584772842
188967964624494516076
535340819890138544248
798495995331910172335
555660213945039973628
075013783761530712776
192684903435262520001
588853514733161170210
396817592151090778801
939317811419454525722
386554146106289218796
022383897147608850627
686296714667469756291
123408243920816015378
088989396451826324367
161676217916890977991
190375403127462228998
800519544441428201218
736174599264295658174
662830295557029902432
415318161721046583203
678690611726015878352
075151628422554026517
048330422614397428693
306169089796848259012
545832716822645806652
676995865268227280707
578139185817888965220
816434834482599326604
336766017699961283186
078838615027946595513
115655203609398818061
213855860030143569452
722420634463179746059
468257310379008402443
243846565724501440282
188525247093519062092
902313649327349756551
395872055965422874977
401141334696271542284
586237738753823048386
568897646192738381490
014076731044664025989
949022222176590433990
188601856652648506179
970235619389701786004
081188972991831102117
122984590164192106888
438712185564612496079
872290851929681937238
864261483965738229112
312502418664935314397
013742853192664987533
721894069428143411852
015801412334482801505
139969429015348307764
456909907315243327828
826986460278986432113
908350621709500259738
986355427719674282224
875758676575234422020
757363056949882508796
892816275384886339690
995982628095612145099
487170124451646126037
902930912088908694202
851064018215439945715
680594187274899809425
474217358240106367740
459574178516082923013
535808184009699637252
423056085590370062427
124341690900415369010
593398383577793941097
002775347200000000000
000000000000000000000
000000000000000000000
000000000000000000000
000000000000000000000
000000000000000000000
000000000000000000000
000000000000000000000
000000000000000000000
000000000000000000000
000000000000000000000
000000000000000000000
0000000
